{
 "width":1920,
 "height":1080,
 "top":41,
 "left":323,
 "bottom":70,
 "right":323,
 "opacity":1.0000000,
 "messagex":0.200000,
 "messagey":0.200000
}