{
 "width":1920,
 "height":1080,
 "top":185,
 "left":485,
 "bottom":186,
 "right":485,
 "opacity":1.0000000,
 "messagex":0.200000,
 "messagey":0.200000
}