{
   "width":1920,
   "height":1080,
   "top":1,
   "left":494,
   "bottom":3,
   "right":485,
   "opacity":1.0000000,
   "messagex":0.220000,
   "messagey":0.120000
}