{
 "width":1920,
 "height":1080,
 "top":99,
 "left":720,
 "bottom":157,
 "right":113,
 "opacity":1.0000000,
 "messagex":0.200000,
 "messagey":0.200000
}