{
 "width":1920,
 "height":1080,
 "top":89,
 "left":240,
 "bottom":79,
 "right":507,
 "opacity":1.0000000,
 "messagex":0.200000,
 "messagey":0.200000
}