{
 "width":1920,
 "height":1080,
 "top":139,
 "left":717,
 "bottom":386,
 "right":1203,
 "opacity":1.0000000,
 "messagex":0.220000,
 "messagey":0.120000
}