{
 "width":1920,
 "height":1080,
 "top":192,
 "left":474,
 "bottom":923,
 "right":1446,
 "opacity":1.0000000,
 "messagex":0.220000,
 "messagey":0.120000
}