{
 "width":1920,
 "height":1080,
 "top":160,
 "left":492,
 "bottom":888,
 "right":1428,
 "opacity":1.0000000,
 "messagex":0.220000,
 "messagey":0.120000
}