{
 "width":1920,
 "height":1080,
 "top":57,
 "left":199,
 "bottom":42,
 "right":419,
 "opacity":1.0000000,
 "messagex":0.200000,
 "messagey":0.200000
}