{
 "width":1920,
 "height":1080,
 "top":38,
 "left":308,
 "bottom":79,
 "right":345,
 "opacity":1.0000000,
 "messagex":0.200000,
 "messagey":0.200000
}