{
 "width":1920,
 "height":1080,
 "top":42,
 "left":311,
 "bottom":82,
 "right":348,
 "opacity":1.0000000,
 "messagex":0.200000,
 "messagey":0.200000
}