{
   "width":1920,
   "height":1080,
   "top":198,
   "left":482,
   "bottom":145,
   "right":503,
   "opacity":1.0000000,
   "messagex":0.220000,
   "messagey":0.120000
}