{
   "width":1920,
   "height":1080,
   "top":32,
   "left":277,
   "bottom":42,
   "right":266,
   "opacity":1.0000000,
   "messagex":0.220000,
   "messagey":0.120000
}