{
 "width":1920,
 "height":1080,
 "top":129,
 "left":359,
 "bottom":176,
 "right":547,
 "opacity":1.0000000,
 "messagex":0.200000,
 "messagey":0.200000
}