{
 "width":1920,
 "height":1080,
 "top":30,
 "left":295,
 "bottom":62,
 "right":296,
 "opacity":1.0000000,
 "messagex":0.200000,
 "messagey":0.200000
}