{
   "width":1920,
   "height":1080,
   "top":66,
   "left":588,
   "bottom":33,
   "right":591,
   "opacity":1.0000000,
   "messagex":0.220000,
   "messagey":0.120000
}