{
 "width":1920,
 "height":1080,
 "top":106,
 "left":405,
 "bottom":123,
 "right":396,
 "opacity":1.0000000,
 "messagex":0.200000,
 "messagey":0.200000
}