{
 "width":1920,
 "height":1080,
 "top":58,
 "left":319,
 "bottom":73,
 "right":312,
 "opacity":1.0000000,
 "messagex":0.200000,
 "messagey":0.200000
}