{
 "width":1920,
 "height":1080,
 "top":63,
 "left":323,
 "bottom":74,
 "right":316,
 "opacity":1.0000000,
 "messagex":0.200000,
 "messagey":0.200000
}