{
 "width":1920,
 "height":1080,
 "top":119,
 "left":485,
 "bottom":273,
 "right":488,
 "opacity":1.0000000,
 "messagex":0.200000,
 "messagey":0.200000
}