{
 "width":1920,
 "height":1080,
 "top":30,
 "left":320,
 "bottom":70,
 "right":320,
 "opacity":1.0000000,
 "messagex":0.200000,
 "messagey":0.200000
}
