{
 "width":1920,
 "height":1080,
 "top":150,
 "left":458,
 "bottom":172,
 "right":441,
 "opacity":1.0000000,
 "messagex":0.200000,
 "messagey":0.200000
}