{
   "width":1920,
   "height":1080,
   "top":33,
   "left":56,
   "bottom":22,
   "right":62,
   "opacity":1.0000000,
   "messagex":0.220000,
   "messagey":0.120000
}