{
 "width":1920,
 "height":1080,
 "top":95,
 "left":410,
 "bottom":158,
 "right":421,
 "opacity":1.0000000,
 "messagex":0.200000,
 "messagey":0.200000
}