{
 "width":1920,
 "height":1080,
 "top":91,
 "left":407,
 "bottom":155,
 "right":416,
 "opacity":1.0000000,
 "messagex":0.200000,
 "messagey":0.200000
}