{
 "width":1920,
 "height":1080,
 "top":143,
 "left":442,
 "bottom":199,
 "right":471,
 "opacity":1.0000000,
 "messagex":0.200000,
 "messagey":0.200000
}