{
 "width":1920,
 "height":1080,
 "top":140,
 "left":442,
 "bottom":197,
 "right":427,
 "opacity":1.0000000,
 "messagex":0.200000,
 "messagey":0.200000
}