{
 "width":1920,
 "height":1080,
 "top":106,
 "left":274,
 "bottom":39,
 "right":298,
 "opacity":1.0000000,
 "messagex":0.200000,
 "messagey":0.200000
}