{
 "width":1920,
 "height":1080,
 "top":141,
 "left":719,
 "bottom":696,
 "right":719,
 "opacity":1.0000000,
 "messagex":0.220000,
 "messagey":0.120000
}