{
 "width":1920,
 "height":1080,
 "top":129,
 "left":576,
 "bottom":860,
 "right":1344,
 "opacity":1.0000000,
 "messagex":0.220000,
 "messagey":0.120000
}