{
 "width":1920,
 "height":1080,
 "top":178,
 "left":508,
 "bottom":902,
 "right":1412,
 "opacity":1.0000000,
 "messagex":0.220000,
 "messagey":0.120000
}