{
 "width":1920,
 "height":1080,
 "top":118,
 "left":600,
 "bottom":314,
 "right":600,
 "opacity":1.0000000,
 "messagex":0.220000,
 "messagey":0.120000
}