{
 "width":1920,
 "height":1080,
 "top":112,
 "left":423,
 "bottom":252,
 "right":423,
 "opacity":1.0000000,
 "messagex":0.220000,
 "messagey":0.120000
}