{
 "width":1920,
 "height":1080,
 "top":183,
 "left":684,
 "bottom":345,
 "right":684,
 "opacity":1.0000000,
 "messagex":0.220000,
 "messagey":0.120000
}