{
 "width":1920,
 "height":1080,
 "top":366,
 "left":742,
 "bottom":351,
 "right":742,
 "opacity":1.0000000,
 "messagex":0.220000,
 "messagey":0.120000
}