{
   "width":1920,
   "height":1080,
   "top":38,
   "left":496,
   "bottom":118,
   "right":497,
   "opacity":1.0000000,
   "messagex":0.220000,
   "messagey":0.120000
}