{
   "width":1920,
   "height":1080,
   "top":79,
   "left":223,
   "bottom":174,
   "right":226,
   "opacity":1.0000000,
   "messagex":0.220000,
   "messagey":0.120000
}