{
 "width":1920,
 "height":1080,
 "top":60,
 "left":490,
 "bottom":56,
 "right":496,
 "opacity":1.0000000,
 "messagex":0.200000,
 "messagey":0.200000
}