{
   "width":1920,
   "height":1080,
   "top":88,
   "left":592,
   "bottom":55,
   "right":592,
   "opacity":1.0000000,
   "messagex":0.220000,
   "messagey":0.120000
}