{
 "width":1920,
 "height":1080,
 "top":181,
 "left":358,
 "bottom":184,
 "right":360,
 "opacity":1.0000000,
 "messagex":0.200000,
 "messagey":0.200000
}