{
 "width":1920,
 "height":1080,
 "top":35,
 "left":143,
 "bottom":220,
 "right":688,
 "opacity":1.0000000,
 "messagex":0.200000,
 "messagey":0.200000
}