{
 "width":1920,
 "height":1080,
 "top":30,
 "left":141,
 "bottom":216,
 "right":686,
 "opacity":1.0000000,
 "messagex":0.200000,
 "messagey":0.200000
}