{
 "width":1920,
 "height":1080,
 "top":90,
 "left":242,
 "bottom":80,
 "right":508,
 "opacity":1.0000000,
 "messagex":0.200000,
 "messagey":0.200000
}