{
 "width":1920,
 "height":1080,
 "top":50,
 "left":306,
 "bottom":49,
 "right":308,
 "opacity":1.0000000,
 "messagex":0.200000,
 "messagey":0.200000
}