{
 "width":1920,
 "height":1080,
 "top":131,
 "left":578,
 "bottom":222,
 "right":578,
 "opacity":1.0000000,
 "messagex":0.220000,
 "messagey":0.120000
}