{
 "width":1920,
 "height":1080,
 "top":174,
 "left":536,
 "bottom":813,
 "right":1384,
 "opacity":1.0000000,
 "messagex":0.220000,
 "messagey":0.120000
}