{
 "width":1920,
 "height":1080,
 "top":180,
 "left":510,
 "bottom":180,
 "right":510,
 "opacity":1.0000000,
 "messagex":0.220000,
 "messagey":0.120000
}