{
 "width":1920,
 "height":1080,
 "top":181,
 "left":682,
 "bottom":737,
 "right":1238,
 "opacity":1.0000000,
 "messagex":0.220000,
 "messagey":0.120000
}