{
 "width":1920,
 "height":1080,
 "top":123,
 "left":662,
 "bottom":717,
 "right":1258,
 "opacity":1.0000000,
 "messagex":0.220000,
 "messagey":0.120000
}