{
 "width":1920,
 "height":1080,
 "top":364,
 "left":740,
 "bottom":731,
 "right":1180,
 "opacity":1.0000000,
 "messagex":0.220000,
 "messagey":0.120000
}