{
 "width":1920,
 "height":1080,
 "top":101,
 "left":715,
 "bottom":154,
 "right":115,
 "opacity":1.0000000,
 "messagex":0.200000,
 "messagey":0.200000
}