{
 "width":1920,
 "height":1080,
 "top":54,
 "left":373,
 "bottom":123,
 "right":374,
 "opacity":1.0000000,
 "messagex":0.200000,
 "messagey":0.200000
}