{
 "width":1920,
 "height":1080,
 "top":125,
 "left":664,
 "bottom":365,
 "right":664,
 "opacity":1.0000000,
 "messagex":0.220000,
 "messagey":0.120000
}