{
 "width":1920,
 "height":1080,
 "top":174,
 "left":314,
 "bottom":906,
 "right":1606,
 "opacity":1.0000000,
 "messagex":0.220000,
 "messagey":0.120000
}