{
 "width":1920,
 "height":1080,
 "top":176,
 "left":316,
 "bottom":176,
 "right":316,
 "opacity":1.0000000,
 "messagex":0.220000,
 "messagey":0.120000
}