{
 "width":1920,
 "height":1080,
 "top":104,
 "left":594,
 "bottom":835,
 "right":1326,
 "opacity":1.0000000,
 "messagex":0.220000,
 "messagey":0.120000
}