{
 "width":1920,
 "height":1080,
 "top":324,
 "left":273,
 "bottom":324,
 "right":273,
 "opacity":1.0000000,
 "messagex":0.220000,
 "messagey":0.120000
}