{
   "width":1920,
   "height":1080,
   "top":37,
   "left":291,
   "bottom":44,
   "right":289,
   "opacity":1.0000000,
   "messagex":0.220000,
   "messagey":0.120000
}
