{
   "width":1920,
   "height":1080,
   "top":34,
   "left":283,
   "bottom":42,
   "right":286,
   "opacity":0.7000000,
   "messagex":0.220000,
   "messagey":0.120000
}
