{
   "width":1920,
   "height":1080,
   "top":99,
   "left":458,
   "bottom":116,
   "right":457,
   "opacity":1.0000000,
   "messagex":0.220000,
   "messagey":0.120000
}
