{
   "width":1920,
   "height":1080,
   "top":95,
   "left":458,
   "bottom":216,
   "right":686,
   "opacity":1.0000000,
   "messagex":0.220000,
   "messagey":0.120000
}
