{
   "width":1920,
   "height":1080,
   "top":132,
   "left":460,
   "bottom":191,
   "right":447,
   "opacity":0.7000000,
   "messagex":0.220000,
   "messagey":0.120000
}
