{
   "width":1920,
   "height":1080,
   "top":106,
   "left":372,
   "bottom":99,
   "right":376,
   "opacity":0.7000000,
   "messagex":0.220000,
   "messagey":0.120000
}
