{
   "width":1920,
   "height":1080,
   "top":36,
   "left":409,
   "bottom":36,
   "right":410,
   "opacity":0.7000000,
   "messagex":0.220000,
   "messagey":0.120000
}
