{
   "width":1920,
   "height":1080,
   "top":35,
   "left":409,
   "bottom":35,
   "right":409,
   "opacity":0.7000000,
   "messagex":0.220000,
   "messagey":0.120000
}
