{
   "width":1920,
   "height":1080,
   "top":99,
   "left":319,
   "bottom":143,
   "right":319,
   "opacity":0.7000000,
   "messagex":0.220000,
   "messagey":0.120000
}
