{
   "width":1920,
   "height":1080,
   "top":44,
   "left":512,
   "bottom":227,
   "right":511,
   "opacity":0.7000000,
   "messagex":0.220000,
   "messagey":0.120000
}
