{
   "width":1920,
   "height":1080,
   "top":29,
   "left":426,
   "bottom":120,
   "right":433,
   "opacity":0.7000000,
   "messagex":0.220000,
   "messagey":0.120000
}
