{
   "width":1920,
   "height":1080,
   "top":221,
   "left":454,
   "bottom":213,
   "right":453,
   "opacity":0.7000000,
   "messagex":0.220000,
   "messagey":0.120000
}
