{
   "width":1920,
   "height":1080,
   "top":85,
   "left":262,
   "bottom":102,
   "right":262,
   "opacity":1.0000000,
   "messagex":0.220000,
   "messagey":0.120000
}
