{
   "width":1920,
   "height":1080,
   "top":1,
   "left":242,
   "bottom":4,
   "right":243,
   "opacity":0.7000000,
   "messagex":0.220000,
   "messagey":0.120000
}
