{
   "width":1920,
   "height":1080,
   "top":0,
   "left":609,
   "bottom":0,
   "right":609,
   "opacity":0.7000000,
   "messagex":0.220000,
   "messagey":0.120000
}
