{
   "width":1920,
   "height":1080,
   "top":65,
   "left":655,
   "bottom":70,
   "right":650,
   "opacity":0.7000000,
   "messagex":0.220000,
   "messagey":0.120000
}
