{
   "width":1920,
   "height":1080,
   "top":18,
   "left":287,
   "bottom":44,
   "right":288,
   "opacity":0.7000000,
   "messagex":0.220000,
   "messagey":0.120000
}
