{
   "width":1920,
   "height":1080,
   "top":89,
   "left":520,
   "bottom":153,
   "right":520,
   "opacity":0.7000000,
   "messagex":0.220000,
   "messagey":0.120000
}
