{
   "width":1920,
   "height":1080,
   "top":52,
   "left":477,
   "bottom":133,
   "right":477,
   "opacity":0.7000000,
   "messagex":0.220000,
   "messagey":0.120000
}
