{
   "width":1920,
   "height":1080,
   "top":50,
   "left":454,
   "bottom":108,
   "right":462,
   "opacity":0.7000000,
   "messagex":0.220000,
   "messagey":0.120000
}
