{
   "width":1920,
   "height":1080,
   "top":33,
   "left":283,
   "bottom":41,
   "right":285,
   "opacity":0.7000000,
   "messagex":0.220000,
   "messagey":0.120000
}
