{
   "width":1920,
   "height":1080,
   "top":72,
   "left":284,
   "bottom":170,
   "right":270,
   "opacity":1.0000000,
   "messagex":0.220000,
   "messagey":0.120000
}
