{
   "width":1920,
   "height":1080,
   "top":31,
   "left":278,
   "bottom":40,
   "right":289,
   "opacity":0.7000000,
   "messagex":0.220000,
   "messagey":0.120000
}
