{
   "width":1920,
   "height":1080,
   "top":1,
   "left":244,
   "bottom":1,
   "right":244,
   "opacity":0.7000000,
   "messagex":0.220000,
   "messagey":0.120000
}
