{
   "width":1920,
   "height":1080,
   "top":31,
   "left":284,
   "bottom":42,
   "right":285,
   "opacity":0.7000000,
   "messagex":0.220000,
   "messagey":0.120000
}
