{
   "width":1920,
   "height":1080,
   "top":164,
   "left":559,
   "bottom":68,
   "right":544,
   "opacity":0.7000000,
   "messagex":0.220000,
   "messagey":0.120000
}
