{
   "width":1920,
   "height":1080,
   "top":75,
   "left":292,
   "bottom":189,
   "right":333,
   "opacity":0.7000000,
   "messagex":0.220000,
   "messagey":0.120000
}
