{
   "width":1920,
   "height":1080,
   "top":98,
   "left":518,
   "bottom":152,
   "right":166,
   "opacity":1.0000000,
   "messagex":0.220000,
   "messagey":0.120000
}
