{
   "width":1920,
   "height":1080,
   "top":220,
   "left":485,
   "bottom":247,
   "right":466,
   "opacity":0.7000000,
   "messagex":0.220000,
   "messagey":0.120000
}
