{
 "width":1920,
 "height":1080,
 "top":108,
 "left":406,
 "bottom":125,
 "right":398,
 "opacity":1.0000000,
 "messagex":0.200000,
 "messagey":0.200000
}