{
 "width":1920,
 "height":1080,
 "top":146,
 "left":454,
 "bottom":167,
 "right":436,
 "opacity":1.0000000,
 "messagex":0.200000,
 "messagey":0.200000
}