{
   "width":1920,
   "height":1080,
   "top":45,
   "left":238,
   "bottom":47,
   "right":238,
   "opacity":1.0000000,
   "messagex":0.220000,
   "messagey":0.120000
}