{
   "width":1920,
   "height":1080,
   "top":33,
   "left":467,
   "bottom":272,
   "right":442,
   "opacity":1.0000000,
   "messagex":0.220000,
   "messagey":0.120000
}